{
 "cells": [
  {
   "cell_type": "markdown",
   "id": "55e84649-396f-4752-bd4c-3c9b508ef989",
   "metadata": {},
   "source": [
    "# №1"
   ]
  },
  {
   "cell_type": "code",
   "execution_count": 34,
   "id": "0dccd2d3-b46a-46dc-94d4-b2bd2322dd46",
   "metadata": {},
   "outputs": [],
   "source": [
    "import cv2\n",
    "import numpy as np"
   ]
  },
  {
   "cell_type": "code",
   "execution_count": 35,
   "id": "a2a86fcc-c41e-4a1b-91c2-9c06cbbc252a",
   "metadata": {},
   "outputs": [
    {
     "name": "stdout",
     "output_type": "stream",
     "text": [
      "E: \n",
      "[[-0.03393542 -0.17650346 -0.24269067]\n",
      " [ 0.05806333 -0.13250878 -0.63532364]\n",
      " [ 0.29976988  0.60884312 -0.15387715]]\n",
      "R: \n",
      "[[ 0.99365302 -0.06187253 -0.09394394]\n",
      " [ 0.04201107  0.97883057 -0.20031419]\n",
      " [ 0.10434915  0.19509612  0.97521729]]\n",
      "t: \n",
      "[[ 0.90420811]\n",
      " [-0.38841716]\n",
      " [ 0.17759448]]\n"
     ]
    }
   ],
   "source": [
    "K = np.array([[1200, 0, 640],\n",
    "              [0, 1200, 360],\n",
    "              [0, 0, 1]])\n",
    "\n",
    "np.random.seed(42)\n",
    "n_points = 100\n",
    "\n",
    "world_points = np.random.rand(n_points, 3) * 10\n",
    "\n",
    "R_true = cv2.Rodrigues(np.array([0.2, -0.1, 0.05]))[0]\n",
    "t_true = np.array([[0.5], [-0.2], [0.1]])\n",
    "\n",
    "pts1_3d, _ = cv2.projectPoints(world_points, np.zeros((3, 1)), np.zeros((3, 1)), K, None)\n",
    "pts1 = pts1_3d.reshape(-1, 2).astype(np.float32)\n",
    "\n",
    "pts2_3d, _ = cv2.projectPoints(world_points, R_true, t_true, K, None)\n",
    "pts2 = pts2_3d.reshape(-1, 2).astype(np.float32)\n",
    "\n",
    "# додаємо шум\n",
    "pts1 += np.random.randn(n_points, 2) * 1.5\n",
    "pts2 += np.random.randn(n_points, 2) * 1.5\n",
    "\n",
    "e_matrix, mask = cv2.findEssentialMat(pts1, pts2, K)\n",
    "print(\"E: \", e_matrix, sep=\"\\n\")\n",
    "\n",
    "_, R, t, mask = cv2.recoverPose(e_matrix, pts1, pts2, K)\n",
    "print(\"R: \", R, \"t: \", t, sep=\"\\n\")"
   ]
  },
  {
   "cell_type": "code",
   "execution_count": 36,
   "id": "3b7a215f-1d9f-4ad3-8516-5213af6d3748",
   "metadata": {},
   "outputs": [
    {
     "name": "stdout",
     "output_type": "stream",
     "text": [
      "R (PnP):\n",
      "[[ 0.99378231 -0.05948084 -0.09412089]\n",
      " [ 0.03958169  0.97885793 -0.20067495]\n",
      " [ 0.10406729  0.19570176  0.97512605]]\n",
      "t (PnP):\n",
      "[[ 0.49984466]\n",
      " [-0.20048554]\n",
      " [ 0.10059092]]\n",
      "\n",
      "--- Порівняння ---\n",
      "Справжній R: [[ 0.9937773  -0.05951997 -0.09414913]\n",
      " [ 0.03960732  0.97884281 -0.20074367]\n",
      " [ 0.10410546  0.19576551  0.97510918]]\n",
      "Справжній t: [[ 0.5 -0.2  0.1]]\n"
     ]
    }
   ],
   "source": [
    "_, rvec, tvec = cv2.solvePnP(world_points, pts2, K, None)\n",
    "\n",
    "R_pnp, _ = cv2.Rodrigues(rvec)\n",
    "\n",
    "print(\"R (PnP):\", R_pnp, \"t (PnP):\", tvec, sep=\"\\n\")\n",
    "\n",
    "print(\"\\n--- Порівняння ---\")\n",
    "print(\"Справжній R:\", cv2.Rodrigues(rvec_true)[0])\n",
    "print(\"Справжній t:\", tvec_true.T)"
   ]
  },
  {
   "cell_type": "markdown",
   "id": "7c42f5be-c054-44fb-b056-f986575796a9",
   "metadata": {},
   "source": [
    "# №2"
   ]
  },
  {
   "cell_type": "code",
   "execution_count": 37,
   "id": "33cc2945-89d1-4af9-b672-304f229a5105",
   "metadata": {},
   "outputs": [
    {
     "name": "stdout",
     "output_type": "stream",
     "text": [
      "R refined:\n",
      " [[ 0.99365302 -0.06187253 -0.09394394]\n",
      " [ 0.04201107  0.97883057 -0.20031419]\n",
      " [ 0.10434915  0.19509612  0.97521729]]\n"
     ]
    }
   ],
   "source": [
    "def gram_schmidt(R):\n",
    "    u1 = R[:, 0]\n",
    "    u2 = R[:, 1]\n",
    "    u3 = R[:, 2]\n",
    "    \n",
    "    e1 = u1 / np.linalg.norm(u1)\n",
    "    \n",
    "    u2 = u2 - np.dot(u2, e1) * e1\n",
    "    e2 = u2 / np.linalg.norm(u2)\n",
    "    \n",
    "    u3 = u3 - np.dot(u3, e1) * e1 - np.dot(u3, e2) * e2\n",
    "    e3 = u3 / np.linalg.norm(u3)\n",
    "    \n",
    "    R_ortho = np.column_stack((e1, e2, e3))\n",
    "    \n",
    "    if np.linalg.det(R_ortho) < 0:\n",
    "        e3 = -e3\n",
    "        R_ortho = np.column_stack((e1, e2, e3))\n",
    "    \n",
    "    return R_ortho\n",
    "\n",
    "R_refined = gram_schmidt(R)\n",
    "print(\"R refined:\\n\", R_refined)"
   ]
  },
  {
   "cell_type": "code",
   "execution_count": null,
   "id": "29190cd3-5bba-4737-b963-95d693efb318",
   "metadata": {},
   "outputs": [],
   "source": []
  }
 ],
 "metadata": {
  "kernelspec": {
   "display_name": "Python 3 (ipykernel)",
   "language": "python",
   "name": "python3"
  },
  "language_info": {
   "codemirror_mode": {
    "name": "ipython",
    "version": 3
   },
   "file_extension": ".py",
   "mimetype": "text/x-python",
   "name": "python",
   "nbconvert_exporter": "python",
   "pygments_lexer": "ipython3",
   "version": "3.13.5"
  }
 },
 "nbformat": 4,
 "nbformat_minor": 5
}
